Critic,Movie,Movie_Fresh,Movie_Rotten
Adam Graham,15,5,10
Roger Moore,15,5,10
Mark Dujsik,15,3,12
Frank Swietek,14,5,9
Robert Kojder,13,6,7
Richard Roeper,13,9,4
Rendy Jones,13,6,7
Matt Brunson,12,6,6
Nate Adams,12,4,8
Jackie K. Cooper,12,9,3
Brian Orndorf,11,6,5
Rich Cline,11,9,2
Sara Michelle Fetters,11,6,5
Jim Judy,11,9,2
Katie Walsh,11,7,4
Nick Johnston,11,5,6
Dustin Chase,11,4,7
Chris Knight,11,8,3
Sean P. Means,11,7,4
Edward Douglas,10,7,3
Peter Sobczynski,10,2,8
James Berardinelli,10,7,3
Laura Clifford,10,8,2
Josh Terry,10,7,3
Nestor Bentancor,10,6,4
Allen Adams,10,6,4
Mick LaSalle,10,5,5
Christy Lemire,10,3,7
Peter Howell,9,6,3
John Urbancich,9,6,3
A.O. Scott,9,7,2
Owen Gleiberman,9,6,3
Sarah Marrs,9,4,5
Brian Viner,9,4,5
Steven Prokopy,9,7,2
Rafer Guzman,9,6,3
Linda and Al Lerner,9,8,1
Doug Jamieson,9,6,3
Nell Minow,9,6,3
Peter Travers,9,6,3
Joey Magidson,9,5,4
Danielle Solzman,9,6,3
David Sims,8,4,4
Louisa Moore,8,5,3
Chris Bumbray,8,7,1
Chris Stuckmann,8,4,4
Jason Escamilla,8,4,4
Robert Denerstein,8,4,4
James Mottram,8,7,1
Matthew Bond,8,4,4
Travis Hopson,8,6,2
Robert Horton,8,4,4
Leah Greenblatt,8,5,3
Todd Jorgenson,8,2,6
Aaron Neuwirth,8,7,1
John Lui,8,3,5
Gary Wolcott,8,6,2
Rachel Wagner,8,4,4
Jamie East,8,7,1
Dan Murrell,8,5,3
Brian Lowry,8,5,3
Ben Rolph,8,8,0
Carla Renata,8,8,0
Robert Daniels,8,5,3
Kristy Puchko,7,3,4
Matt Goldberg,7,3,4
Korey Coleman,7,4,3
Leigh Paatsch,7,5,2
Diego Batlle,7,6,1
Kyle Smith,7,3,4
Devesh Sharma,7,5,2
Matt Oakes,7,5,2
Martin Thomas,7,3,4
Daniel M. Kimmel,7,6,1
Sean Chandler,7,6,1
Mark Kermode,7,3,4
Hope Madden,7,5,2
Justin Chang,7,5,2
Caillou Pettis,7,6,1
Grace Randolph,7,4,3
Tom Santilli,7,5,2
George Thomas,7,5,2
John Nguyen,7,6,1
Christopher Lloyd,7,6,1
William Bibbiani,7,5,2
Tim Brayton,7,4,3
Sean Collier,7,4,3
Fred Topel,7,4,3
Christopher Llewellyn Reed,7,5,2
Jonathan W. Hickman,7,4,3
J. Don Birnam,7,7,0
Susan Granger,7,4,3
Peter Bradshaw,7,3,4
Julian Roman,7,5,2
Clint Worthington,7,2,5
Eric Eisenberg,7,6,1
Eric D. Snider,7,3,4
Mike McGranaghan,7,5,2
Edwin Arnaudin,7,5,2
Pete Hammond,7,7,0
Jeffrey M. Anderson,7,5,2
Jim Slotek,7,5,2
David 'Mad Dog' Bradley,6,3,3
Peter Gray,6,4,2
Courtney Small,6,6,0
Phil Villarreal,6,5,1
Brent Hankins,6,4,2
Molly Freeman,6,4,2
Moira MacDonald,6,4,2
Michael O'Sullivan,6,4,2
Brian Truitt,6,5,1
Michael Phillips,6,3,3
Matthew Toomey,6,4,2
Norman Wilner,6,4,2
Mathew DeKinder,6,5,1
Kimberly Pierce,6,6,0
Johnny Oleksinski,6,2,4
John DeFore,6,1,5
Josh Bell,6,3,3
Alci Rengifo,6,3,3
Joshua Rothkopf,6,4,2
MaryAnn Johanson,6,3,3
Jim Schembri,6,5,1
Jeremy Jahns,6,3,3
Dwight Brown,6,6,0
Kevin A. Ranson,6,6,0
Kevin Maher,6,3,3
Vicky Roach,6,4,2
Tim Grierson,6,4,2
Tim Cogshell,6,5,1
Luke Parker,6,5,1
Armond White,6,0,6
Jared Mobarak,6,5,1
Sandy Schaefer,6,5,1
Barry Hertz,6,3,3
David Poland,6,4,2
Kristen Lopez,6,4,2
Abbie Bernstein,6,6,0
Lisa Johnson Mandell,6,4,2
Chris Sawin,5,5,0
Jake Coyle,5,1,4
Jake Wilson,5,2,3
Joe Morgenstern,5,1,4
Nicholas Barber,5,2,3
Graeme Tuckett,5,4,1
Joe Lipsett,5,4,1
Jesse Hassenger,5,1,4
Chris Hunneysett,5,4,1
Jennifer Heaton,5,4,1
James Clay,5,5,0
Jeanne Kaplan,5,4,1
Clarisse Loughrey,5,2,3
Jonathan Roberts,5,2,3
Fico Cangiano,5,5,0
David Kaplan,5,3,2
Mark Jackson,5,3,2
Matthew Dougherty,5,3,2
Deirdre Crimmins,5,3,2
Max Weiss,5,3,2
Dan Lybarger,5,1,4
Oggs Cruz,5,3,2
Don Kaye,5,3,2
Kiko Martinez,5,4,1
Micheal Compton,5,2,3
Edward Porter,5,2,3
Ella Kemp,5,3,2
Karen Han,5,2,3
Eric Kohn,5,2,3
Mikel Zorrilla,5,4,1
Erick Estrada,5,3,2
Felix Vasquez Jr.,5,4,1
Lauren Veneziani,5,2,3
A.A. Dowd,5,2,3
Christian Toto,5,5,0
Bill Goodykoontz,5,4,1
Tim Robey,5,3,2
Alissa Wilkinson,5,4,1
Richard Lawson,5,3,2
Tim Brennan,5,5,0
Rob Dean,5,4,1
Andrea Chase,5,3,2
Andrea Thompson,5,2,3
Robbie Collin,5,4,1
Stephanie Zacharek,5,4,1
Andrew Kendall,5,5,0
Bill Watters,5,5,0
Simon Miraudo,5,4,1
Rene Sanchez,5,4,1
Rohan Naahar,5,3,2
Roxana Hadadi,5,3,2
Ruben Peralta Rigaud,5,4,1
Rubin Safaya,5,4,1
Benjamin Lee,5,0,5
Ann Hornaday,5,4,1
Ryan Syrek,5,3,2
Annlee Ellingson,5,3,2
Sara Stewart,5,4,1
Anthony Lane,5,4,1
Sarah Cartland,5,4,1
Tim Stevens,5,2,3
Scott Menzel,5,4,1
Walter Chaw,5,3,2
Pablo O. Scholz,5,4,1
Charles Bramesco,5,2,3
Perri Nemiroff,5,4,1
Philip De Semlyen,5,1,4
Paul Whitington,5,3,2
Wade Major,5,4,1
Tony Baker,5,5,0
Preston Barta,5,4,1
Ed Potton,4,2,2
Joe Friar,4,4,0
James Verniere,4,2,2
Shannon McGrew,4,4,0
Kate Erbland,4,0,4
Harvey S. Karten,4,3,1
Soren Andersen,4,3,1
Kent Garrison,4,3,1
Wendy Shreve,4,3,1
Javier Ocaa,4,2,2
Wenlei Ma,4,3,1
Anne Brodie,4,4,0
Nigel Andrews,4,2,2
Donald Clarke,4,3,1
Hugo Hernndez Valdivia,4,3,1
Abigail Camarillo,4,2,2
Ian Sandwell,4,4,0
Anthony O'Connor,4,3,1
Zaki Hasan,4,1,3
Dominic Corry,4,3,1
Sean Burns,4,1,3
Kurt Loder,4,3,1
Karen M. Peterson,4,2,2
Emma Simmonds,4,3,1
K. Austin Collins,4,3,1
Germain Lussier,4,3,1
Tom Russo,4,2,2
Alberto Corona,4,4,0
Todd McCarthy,4,1,3
Alan Zilberman,4,2,2
Alan Ng,4,3,1
Tomris Laffly,4,2,2
Alistair Harkness,4,2,2
Johnny Gayzmonic,4,3,1
Allison Rose,4,2,2
Jordan Ruimy,4,2,2
Tony Medley,4,2,2
Jorge Rivera Rubio,4,4,0
Larushka Ivan-Zadeh,4,3,1
Josh Wilding,4,3,1
Evan Dossey,4,3,1
Andr Hereford,4,3,1
Andre Meadows,4,4,0
Eric Webb,4,3,1
Vctor Lpez G.,4,4,0
Stephen Silver,4,3,1
Jeff York,4,3,1
Stephen Schaefer,4,2,2
Julie Crawford,4,3,1
Stephen Garrett,4,3,1
Vincent Mancini,4,2,2
Amy Nicholson,4,3,1
Anne Cohen,4,4,0
Scott Mendelson,4,3,1
Rob Vaux,4,3,1
Piers Marchant,4,2,2
Matt Donato,4,1,3
David Ehrlich,4,1,3
David Edelstein,4,2,2
David Crow,4,3,1
Robert Roten,4,4,0
Bob Chipman,4,2,2
Brad Keefe,4,3,1
CJ Johnson,4,3,1
Mike Reyes,4,3,1
Matthew Lickona,4,2,2
Roger Tennis,4,4,0
Matthew Lucas,4,4,0
Matthew Rozsa,4,3,1
Brandon Davis,4,4,0
Rex Reed,4,2,2
Asher Luberto,4,0,4
Richard Bonaduce,4,3,1
Brandy McDonnell,4,3,1
Courtney Howard,4,1,3
Richard Whittaker,4,4,0
Michael Calleri,4,3,1
Nathanael Hood,4,4,0
Richard von Busack,4,3,1
Chris Hewitt,4,4,0
Dennis Schwartz,4,2,2
Nicholas Bell,4,4,0
Luis Fernando Galvn,4,2,2
Chris Evangelista,4,3,1
Pamela Powell,4,3,1
Pat Brown,4,1,3
Neil Soans,4,4,0
Demetrios Matheou,4,3,1
Lisa Trifone,4,3,1
Linda Marric,4,2,2
Sarah Hagi,4,3,1
Peter Canavese,4,3,1
Charles Koplinski,4,2,2
John McDonald,3,3,0
Orlando Maldonado,3,3,0
Richard Brody,3,1,2
Tom Augustine,3,1,2
William Venegas,3,3,0
Michael Smith,3,2,1
Yago Garca,3,1,2
Nicols Delgadillo,3,2,1
James Croot,3,3,0
Michael J. Casey,3,2,1
Jeff Mitchell,3,3,0
Tom Meek,3,3,0
Rain Jokinen,3,3,0
Neil Pond,3,3,0
Victor Stiff,3,2,1
Peter Debruge,3,1,2
Ty Burr,3,2,1
Monica Castillo,3,2,1
Tim Appelo,3,3,0
Min-sik Yoon,3,2,1
Jeff Beck,3,2,1
Randall King,3,1,2
Jason Guerrasio,3,3,0
Rebecca Murray,3,2,1
Vincent Schilling,3,3,0
Tom Shone,3,0,3
Pablo Villaa,3,3,0
Rafael Rosales Santos,3,1,2
Tara Brady,3,1,2
Thelma Adams,3,3,0
Kerry Lengel,3,3,0
Katie Smith-Wong,3,3,0
Siddhant Adlakha,3,2,1
Keith Uhlich,3,0,3
Kelly Vance,3,3,0
Manohla Dargis,3,1,2
Ken Eisner,3,2,1
Kenneth Turan,3,3,0
Sheraz Farooqi,3,3,0
Rubn Rosario,3,2,1
Shaun Munro,3,2,1
Tessa Smith,3,3,0
Sebastian Zavala Kahn,3,2,1
Ruth Maramis,3,3,0
Loren King,3,2,1
S. Indra Sathiabalan,3,3,0
Kirsten Acuna,3,2,1
Sandie Angulo Chen,3,2,1
Kristian M. Lin,3,1,2
Sarah Ksiazek,3,2,1
Scott Tobias,3,0,3
Simon Weaving,3,1,2
Sinead Brennan,3,2,1
Katie Rife,3,1,2
Katherine Monk,3,3,0
Jonita Davis,3,3,0
Megan Basham,3,2,1
Teddy Durgin,3,0,3
Joseph Walsh,3,2,1
Tara McNamara,3,3,0
Josh Larsen,3,3,0
Josh Spiegel,3,2,1
Matthew Turner,3,3,0
Rob Hunter,3,2,1
Rob Thomas,3,2,1
Matt Ward,3,3,0
Matt Singer,3,2,1
Karen Gordon,3,3,0
Karl Delossantos,3,2,1
Kat Hughes,3,3,0
Robert W. Butler,3,1,2
Kate Rodger,3,3,0
Kate Snchez,3,3,0
Katherine McLaughlin,3,3,0
Oliver Jones,3,1,2
tt stern-enzi,3,3,0
Diane Carson,3,3,0
Dana Stevens,3,1,2
Bob Bloom,3,2,1
Bob Grimm,3,1,2
Ed Whitfield,3,2,1
Brandon Zachary,3,2,1
Alexandra Heller-Nicholas,3,3,0
Daniel Goodwin,3,2,1
Dana Barbuto,3,2,1
David Fontana,3,2,1
Grady Bolding,3,1,2
Greg Maki,3,2,1
Brian Lloyd,3,2,1
Brian Tallerico,3,2,1
Alan Cerny,3,3,0
Chuck Yarborough,3,3,0
David Fear,3,2,1
Amanda Keats,3,3,0
Harry Guerin,3,2,1
Andiee Paviour,3,3,0
Douglas Davidson,3,2,1
Don Shanahan,3,3,0
Eleanor Ringel Cater,3,1,2
Dominic Griffin,3,2,1
Angelica Jade Bastin,3,1,2
Ashley Menzel,3,3,0
Erik Henriksen,3,3,0
David Nusair,3,2,1
Deirdre Molumby,3,2,1
David Sexton,3,3,0
David Ocadiz,3,2,1
Benjamn Harguindey,3,1,2
Frank Wilkins,3,1,2
G. Allen Johnson,3,1,2
Harris Dang,3,1,2
EJ Moreno,3,2,1
Chauncey K. Robinson,3,3,0
Cary Darling,3,3,0
Adam Nayman,3,1,2
Hoai-Tran Bui,3,1,2
Chris Klimek,3,2,1
Chris Feil,3,2,1
Aaron Peterson,3,2,1
Chris Tilly,3,3,0
Chase Whale,3,2,1
Carlos Del Ro,3,2,1
Maria Lattila,2,1,1
Luke Hicks,2,2,0
Sara Clements,2,2,0
Santiago Alver,2,2,0
Deborah Ross,2,0,2
Debbie Lynn Elias,2,2,0
David Stratton,2,2,0
Sam Adams,2,1,1
Carmen Paddock,2,2,0
Luis Martnez,2,2,0
Marisa Carpico,2,1,1
Luke Goodsell,2,1,1
David Rooney,2,2,0
Bennett Campbell Ferguson,2,1,1
Ben Kenigsberg,2,1,1
Mae Abdulbaki,2,2,0
Mario Alegre,2,2,0
Charles Barfield,2,0,2
Mara Fernanda Mugica,2,2,0
Marianna Neal,2,2,0
Mara Reinstein,2,0,2
Marc Savlov,2,2,0
Oscar Goff,2,1,1
Maria Sciullo,2,2,0
Lindsey Romain,2,2,0
Baradwaj Rangan,2,1,1
Peter Martin,2,2,0
Marjorie Baumgarten,2,1,1
Andrew Parker,2,2,0
Simran Hans,2,1,1
Kevin Harley,2,1,1
Kevin L. Lee,2,1,1
Paula Fleri-Soler,2,2,0
Andrew Wyatt,2,1,1
Kimber Myers,2,1,1
Donovan Farley,2,2,0
Carolyn Mauricette,2,2,0
Pat Padua,2,1,1
Dom Sinacola,2,0,2
Sharronda Williams,2,2,0
Shane Slater,2,1,1
Ani Bundel,2,1,1
Annie Banks,2,2,0
Anton Bitel,2,2,0
Aramide Tinubu,2,0,2
Lauren Humphries-Brooks,2,2,0
Sarah Musnicky,2,1,1
Pat Mullen,2,2,0
Sarah Manvel,2,2,0
Sarah Kurchak,2,1,1
Leonard Maltin,2,2,0
Cath Clarke,2,0,2
Leslie Combemale,2,1,1
Caroline Siede,2,1,1
Avi Offer,2,1,1
Oktay Ege Kozak,2,2,0
Cameron Meier,2,2,0
Mark Daniell,2,2,0
Michelle Kisner,2,2,0
Rafael Motamayor,2,2,0
Dan Mecca,2,2,0
Michael Gingold,2,2,0
Brett McCracken,2,2,0
Richard Trenholm,2,2,0
Chris Hewitt (UK),2,2,0
Niall Browne,2,2,0
Michael Medved,2,2,0
Richard Jordan,2,2,0
Damien Straker,2,1,1
Michael Ward,2,0,2
Rich Phippen,2,1,1
Ricardo Rosado,2,2,0
Melodie Smith,2,2,0
Britt Hayes,2,1,1
Mike Ryan,2,1,1
Clayton Davis,2,2,0
Ciara Wardlow,2,1,1
Chris Wasser,2,1,1
Rebecca Harrison,2,1,1
Christie Cronan,2,0,2
Monica Reid,2,2,0
Morgan Rojas,2,2,0
Ray Pride,2,2,0
Naseem Ally,2,2,0
Rashid Irani,2,2,0
Rick Kisonak,2,1,1
Dan Webster,2,2,0
Randy Shulman,2,2,0
David Bax,2,0,2
Rosie Knight,2,2,0
Rosalie Kicks,2,1,1
Mark Hughes,2,2,0
Ronak Kotecha,2,2,0
Rolando Gallego,2,0,2
Mark Kennedy,2,1,1
Marshall Shaffer,2,2,0
Roe McDermott,2,1,1
David Jenkins,2,0,2
Robin Clifford,2,2,0
Carey-Ann Pawsey,2,1,1
Princess Weekes,2,0,2
Matt Maytum,2,0,2
Meagan Navarro,2,1,1
Matt Neal,2,2,0
Quim Casas,2,2,0
Nicola Austin,2,2,0
Darren Franich,2,0,2
Matt Zoller Seitz,2,1,1
Dann Gire,2,1,1
Matthew Razak,2,1,1
Rachel Leishman,2,2,0
Daniel Martnez Mantilla,2,1,1
Rob Carnevale,2,2,0
Nick Rogers,2,0,2
Candice Frederick,2,0,2
Matt Rodriguez,2,2,0
Catalina Combs,2,2,0
Fausto Fernandez,2,2,0
Adriana Gomez-Weston,2,2,0
Jazz Tangcay,2,2,0
Tania Lamb,2,1,1
Alan Jones,2,1,1
Javier Porta Fouz,2,1,1
Susana Guzman De la O,2,1,1
Aine O'Connor,2,1,1
Joyce Slaton,2,1,1
John Wenzel,2,2,0
Stuart Klawans,2,1,1
Jeanmarie Tan,2,1,1
Adam Woodward,2,1,1
Jason Gorber,2,2,0
Emmanuel Bez,2,2,0
Steven D. Greydanus,2,0,2
Victoria Alexander,2,2,0
Jessica Kiang,2,2,0
Jonathan Romney,2,1,1
Steve Katz,2,2,0
Alexandra MacAaron,2,2,0
John Wirt,2,2,0
Adam Sweeting,2,0,2
Jos Martn,2,2,0
Jonathan Hatfull,2,1,1
Frank Ochieng,2,0,2
Jordan Farley,2,2,0
Jeffrey Lyles,2,0,2
Terri White,2,2,0
Jonathan Barkan,2,2,0
Jorge (JJ) Negrete,2,1,1
Filipe Freitas,2,2,0
Jon Winkler,2,0,2
Hannah Woodhead,2,1,1
Jenna Busch,2,2,0
Joi Childs,2,1,1
Tony Macklin,2,1,1
Tasha Robinson,2,1,1
Josh Kupecki,2,1,1
Federico Furzan,2,2,0
Gabriella Geisinger,2,2,0
Josh Martin,2,1,1
Jeva Lange,2,1,1
Steve Newall,2,2,0
Heather Wixson,2,2,0
Ian Freer,2,0,2
Alonso Duralde,2,1,1
Ian Thomas Malone,2,2,0
Johanna Schneller,2,1,1
Andrew J. Salazar,2,2,0
JimmyO,2,1,1
Katey Stoetzel,2,2,0
Jake Cole,2,0,2
Todd Gilchrist,2,2,0
Wilson Morales,2,2,0
Joel Mayward,2,2,0
Jack Blackwell,2,2,0
Eileen Jones,2,2,0
Edward Johnson-Ott,2,1,1
Yolanda Machado,2,1,1
Staci Layne Wilson,2,1,1
Zhuo-Ning Su,2,2,0
Jocelyn Noveck,2,2,0
Jim Vejvoda,2,2,0
John Bleasdale,2,2,0
Jonay Armas,2,2,0
Jana Monji,2,2,0
Helen O'Hara,2,2,0
Jamie Graham,2,2,0
Allan Hunter,2,1,1
Steve Davis,2,1,1
Weldon B. Johnson,2,2,0
Wendy Ide,2,0,2
James Kendrick,2,1,1
Alistair Ryder,2,1,1
Adam Kempenaar,2,1,1
Hilary A White,2,0,2
Rich Juzwiak,1,0,1
Tom Bond,1,1,0
Tom Beasley,1,0,1
Alex Saveliev,1,0,1
Brian Gill,1,1,0
Richard James Havis,1,0,1
Alex Godfrey,1,0,1
Tom Glasson,1,1,0
Tom Jorgensen,1,1,0
Alexa Dalby,1,1,0
Ricky Church,1,1,0
Alberto Luchini,1,1,0
Alan French,1,1,0
Tomas Trussow,1,0,1
Brian Roan,1,1,0
Brent Goldman,1,1,0
Rick Levin,1,1,0
Tom Gliatto,1,1,0
Spencer Perry,1,1,0
Britany Murphy,1,1,0
Carlos F. Heredero,1,1,0
Rachel Syme,1,1,0
Quinton Roberts,1,1,0
Prairie Miller,1,0,1
Carlos Bonfil,1,1,0
Phumlani S Langa,1,1,0
Adam Cook,1,1,0
Phoebe Chen,1,0,1
Carlos Boyero,1,1,0
Abigail Chandler,1,0,1
Tori Preston,1,1,0
William Schwartz,1,1,0
Peter Rainer,1,0,1
Abby Olcese,1,1,0
Caroline Preece,1,0,1
Xan Brooks,1,1,0
Aaron Escobar,1,1,0
Caryn James,1,1,0
ngel Quintana,1,1,0
Adam Solomons,1,1,0
Violet Lucca,1,0,1
Adam White,1,0,1
Vikram Murthi,1,0,1
Rhys Tarling,1,1,0
Al Alexander,1,0,1
Trevor Johnston,1,1,0
Trey Mangum,1,0,1
Reuben Baron,1,1,0
Brooke Obie,1,0,1
C.J. Prince,1,1,0
Akhil Arora,1,0,1
Caffeinated Clint,1,1,0
Tyler Carlsen,1,1,0
Razmig Bedirian,1,1,0
Valerie Kalfrin,1,0,1
Raphael Abraham,1,1,0
Randy Cordova,1,1,0
Caitlin Quinlan,1,1,0
Cameron Williams,1,0,1
Candace McDuffie,1,1,0
Tom Baily,1,0,1
Alonso Daz de la Vega,1,0,1
Brendan Morrow,1,0,1
Sucharita Tyagi,1,1,0
Andrew Blackie,1,1,0
Anissa Hanley,1,1,0
Anita Katz,1,0,1
Steve Biodrowski,1,1,0
Anthony Ray Bench,1,1,0
Cate Marquis,1,1,0
Steve Crum,1,1,0
Scott Nye,1,1,0
Arturo Magaa,1,1,0
Scott Marks,1,1,0
Scott Davis,1,1,0
Scott D. Pierce,1,0,1
Steve Erickson,1,0,1
Sasha Stone,1,1,0
Sarah Marloff,1,0,1
Steve Pond,1,1,0
Audra Schroeder,1,0,1
Steven Scaife,1,0,1
Sarah Knight Adamson,1,1,0
Audrey Fox,1,1,0
Sarah Gopaul,1,1,0
Sergi Snchez,1,1,0
Shana O'Neil,1,1,0
Andrew Chan,1,1,0
Simon Foster,1,1,0
Andrew Lapin,1,1,0
Soraya Nadia McDonald,1,0,1
Sophie Willard,1,1,0
Sr. Rose Pacatte,1,1,0
Stephanie Archer,1,1,0
Andrew Stover,1,0,1
Simon Thompson,1,1,0
Stephanie Chapman,1,1,0
Simon Gallagher,1,1,0
Stephanie Long,1,1,0
Angie Han,1,1,0
Andy Lea,1,1,0
Stephanie Watts,1,0,1
Shubhra Gupta,1,1,0
Sherin Nicole,1,0,1
Stephen Dalton,1,1,0
Angela L. Harmon,1,1,0
Andrew Dex,1,1,0
Shaun McMichael,1,1,0
Stephen Romei,1,1,0
Stuart McGurk,1,0,1
Barbara VanDenburgh,1,0,1
Rob Harvilla,1,1,0
Amy West,1,1,0
Beth McDonough,1,0,1
Bilge Ebiri,1,1,0
Bill Arceneaux,1,1,0
Thomas W. Hodgkinson,1,1,0
Rodrigo Perez,1,1,0
Rodrigo Garay,1,1,0
Tiernan Allen,1,1,0
Alyse Wax,1,1,0
Soumya Srivastava,1,0,1
Bill Chambers,1,0,1
Blake Goble,1,1,0
Blake Howard,1,1,0
Tim Martain,1,1,0
Alison Willmore,1,1,0
Alison Rowat,1,1,0
Bob Mondello,1,1,0
Robert Abele,1,0,1
Brad Wheeler,1,0,1
Bradley Warren,1,1,0
Brandon Collins,1,1,0
Ali Gray,1,1,0
Thomas Floyd,1,0,1
Rory O'Connor,1,1,0
Theresa Smith,1,1,0
Ryan Gilbey,1,0,1
Barbara Wurm,1,1,0
Sandra Hall,1,1,0
TK Burton,1,1,0
Barry Paris,1,0,1
Amy Taubin,1,1,0
Sadaf Ahsan,1,1,0
Becky Kukla,1,0,1
Ben Coleman,1,1,0
Amie Simon,1,1,0
Tatat Bunnag,1,1,0
Rosie Fletcher,1,1,0
Amanda Mazzillo,1,0,1
Teo Bugbee,1,0,1
Russ Fischer,1,0,1
Ben Sachs,1,1,0
Terence Johnson,1,1,0
Terry Staunton,1,0,1
Beth Accomando,1,0,1
Ross Raihala,1,0,1
Amanda Jane Robinson,1,0,1
Isabel Stevens,1,1,0
Cynthia Vinney,1,1,0
Peppur Chambers,1,1,0
Juan Barquin,1,1,0
Emily Asher-Perrin,1,0,1
Emily Breen,1,1,0
Karen Krizanovich,1,0,1
Emily Tannenbaum,1,1,0
Emily Wheeler,1,1,0
Kaleem Aftab,1,1,0
Emma Jones,1,1,0
Justin Jones,1,1,0
Emma Stefansky,1,0,1
Julie Washington,1,1,0
Emmanuel Noisette,1,1,0
Julia Swift,1,1,0
Juanma Ruiz,1,1,0
Jourdain Searles,1,0,1
Eli Glasner,1,1,0
Esther Miguel Trula,1,1,0
Joshua Brunsting,1,1,0
Ezequiel Boetti,1,0,1
Fausto Ponce,1,1,0
Josh Lewis,1,0,1
Josh Goller,1,0,1
Josh Davis,1,1,0
Ferdosa Abdi,1,1,0
Fernanda Solrzano,1,1,0
Forrest Cardamenis,1,0,1
Jordan Julian,1,1,0
Jordan Hoffman,1,0,1
Jon Negroni,1,0,1
Elinor Jones,1,0,1
Kate Gardner,1,1,0
Paula Farmer,1,1,0
Kevin N. Laforest,1,1,0
Kyle Pinion,1,0,1
Kyle Anderson,1,1,0
Dirk Libbey,1,0,1
Kumar Shyam,1,1,0
Kt Schaefer,1,0,1
Dom Nero,1,0,1
Kristian Harloff,1,0,1
Don R. Lewis,1,1,0
Kimberley Elizabeth,1,1,0
Kim Newman,1,1,0
Kim Hughes,1,1,0
Dorian Parks,1,1,0
Kieron Moore,1,0,1
Kevin Fallon,1,0,1
Kate Muir,1,1,0
Drew Dietsch,1,1,0
Dustin Putman,1,1,0
Kent Turner,1,1,0
Dustin Rowles,1,1,0
E. Tammy Kim,1,1,0
Keith Watson,1,0,1
Eddie Harrison,1,1,0
Kayleigh Donaldson,1,1,0
Edward Boxler,1,1,0
Katie Goh,1,0,1
Ela Bittencourt,1,1,0
Elaine Cho,1,1,0
Elena Lazic,1,0,1
Jon Dieringer,1,0,1
Gabriel Silver,1,1,0
Johnny Donaldson,1,1,0
Jamie Davies,1,0,1
Jeff Owens,1,1,0
Hannah Lodge,1,0,1
Jeet Heer,1,0,1
Jay Stone,1,1,0
Javier Perez,1,0,1
Harrison Abbott,1,0,1
Jasper Rees,1,0,1
Hau Chu,1,1,0
Jason Di Rosso,1,1,0
Jason Bailey,1,0,1
Jasmyne Keimig,1,1,0
Jane Crowther,1,1,0
Janaya Greene,1,1,0
James Marsh,1,1,0
Gabrielle Bruney,1,0,1
James Luxford,1,0,1
Huw Fullerton,1,1,0
Ian Mantgani,1,0,1
Iana Murray,1,1,0
Jak-Luke Sharp,1,1,0
Jaime Fa de Lucas,1,1,0
Ignacio Navarro,1,1,0
Jack King,1,1,0
Jaby Koay,1,1,0
JM Mutore,1,0,1
Ignatiy Vishnevetsky,1,0,1
J Hurtado,1,1,0
Ivn Belmont,1,1,0
Jeff Simon,1,1,0
Hannah Brown,1,1,0
Gus Edgar,1,1,0
Jenni Moore,1,1,0
John Semley,1,0,1
John Petkovic,1,1,0
Gary Thompson,1,0,1
Gaspar Zimerman,1,0,1
Gavia Baker-Whitelaw,1,1,0
Geoffrey Macnab,1,1,0
John Campea,1,1,0
John Byrne,1,1,0
George Elkind,1,1,0
Joelle Monique,1,1,0
Joel Fisher,1,0,1
Gerald Peary,1,1,0
Glen Weldon,1,0,1
Glenn Heath Jr.,1,0,1
Joanne Soh,1,1,0
Joanna Langfield,1,0,1
Jo-Anne Titmarsh,1,1,0
Jo Berry,1,1,0
Glenn Kenny,1,0,1
Grant Watson,1,1,0
Jill Pantozzi,1,1,0
Jerilyn Jordan,1,1,0
Gregory Wakeman,1,1,0
Jenny Nulf,1,1,0
Jenny Desborough,1,0,1
Guillem Martinez Oya,1,1,0
Jennifer Bisset,1,1,0
Diedre Johnson,1,1,0
Kyle Turner,1,1,0
Kyle Wilson,1,1,0
Michael Roffman,1,1,0
Nandini Ramnath,1,1,0
Christopher Null,1,1,0
Molly Henery,1,1,0
Ciaran Kerr,1,0,1
Millicent Thomas,1,0,1
Miles Surrey,1,1,0
Colby Bryant,1,1,0
Conor O'Donnell,1,1,0
Corey Chichizola,1,0,1
Michelle Jaworski,1,0,1
Michelle Alexandria,1,1,0
Cory Woodroof,1,0,1
Israel Acosta Aroche,1,0,1
Michael Pementel,1,1,0
Daniel de Partearroyo,1,1,0
Damon Wise,1,1,0
Michael Lee,1,1,0
Michael Joshua Rowin,1,0,1
Dan Casey,1,1,0
Michael Hale,1,0,1
Michael A. Smith,1,1,0
Meredith Borders,1,1,0
Melalin Mahavongtrakul,1,1,0
Meg Shields,1,0,1
Matthew Thrift,1,0,1
Matthew Pejkovic,1,1,0
Matthew Passantino,1,0,1
Matthew Monagle,1,0,1
Nando Salv,1,1,0
Natasha Alvar,1,1,0
Christopher Machell,1,1,0
Nathalia Aryani,1,1,0
Cate Young,1,1,0
Patrick Crossen,1,1,0
Chaka V. Grier,1,1,0
Paddy Kehoe,1,0,1
Chance Solem-Pfeifer,1,0,1
Chandler Levack,1,0,1
PJ Nabarro,1,0,1
Charlie Ridgely,1,1,0
Olly Richards,1,1,0
Oliver Whitney,1,1,0
Charlotte O'Sullivan,1,1,0
Odie Henderson,1,0,1
Noah Gittell,1,1,0
Noah Berlatsky,1,1,0
Chris Agar,1,1,0
Nicols Ruiz,1,1,0
Chris Barsanti,1,1,0
Nicole Homer,1,0,1
Nick Schager,1,0,1
Nick Pinkerton,1,0,1
Nick Hasted,1,1,0
Chris Gore,1,1,0
Neil Smith,1,1,0
Ned Lannamann,1,0,1
Christina Newland,1,1,0
Nathan Smith,1,0,1
Nathalie Atkinson,1,1,0
Daniel Neman,1,0,1
Danny Hensel,1,0,1
Lael Loewenstein,1,1,0
Dennis Lim,1,1,0
Louis Proyect,1,0,1
Lisa Nesselson,1,1,0
Lisa Kennedy,1,0,1
Deborah Sengupta Stith,1,1,0
Lisa Jensen,1,1,0
Lindsey Bahr,1,0,1
Dennis Harvey,1,0,1
Liam Lacey,1,0,1
Liam Hanlon,1,1,0
Li Lai,1,1,0
Lewis Knight,1,1,0
Leonardo Garcia Tsao,1,1,0
Lena Wilson,1,0,1
Leigh Monson,1,0,1
Matthew Aguilar,1,1,0
Derek Smith,1,0,1
Lawrence Ware,1,0,1
Diana Cheng,1,1,0
Lauren Coates,1,1,0
Lauren Bradshaw,1,1,0
Laura Potier,1,1,0
Laura Harding,1,0,1
Laura Griffiths,1,0,1
Laura Delaney,1,0,1
Laura DeMarco,1,1,0
Diane Pershing,1,1,0
Lapacazo Sandoval,1,1,0
Lana Stanczak,1,1,0
Louise Burrell,1,1,0
Louise Keller,1,1,0
Lucero Caldern,1,1,0
Luis Caviaro,1,1,0
Danny Leigh,1,0,1
Matt Rodgers,1,1,0
Dave Calhoun,1,1,0
Matt Miller,1,0,1
Matt Looker,1,1,0
Matt Hudson,1,1,0
David Harris,1,1,0
Martin Tsai,1,1,0
David Keyes,1,0,1
Martha K. Baker,1,1,0
Marta Sanz,1,1,0
Marlow Stern,1,1,0
David Levesley,1,1,0
Mark Keizer,1,1,0
Mark Jenkins,1,1,0
David N. Butterworth,1,1,0
Mark Goodyear,1,1,0
Mark Feeney,1,1,0
Mark Ellis,1,1,0
Mariona Borrull,1,1,0
Marie Asner,1,1,0
Margot Harrison,1,0,1
Marcelo Stiletano,1,1,0
Manzanares de la Rosa,1,1,0
Manu Yez,1,1,0
Luther de Lange,1,1,0
Luiz Oliveira,1,1,0
Justin Brown,1,1,0
